score,0.0,0.0,0.0,0.0,0.0,0.0,0.0,0.0,0.0,0.0,0.0,0.0,0.0,0.0,0.0,0.0,0.0,0.0,0.0,0.0,0.0,0.0,0.0,0.0,0.0,0.0,0.0,0.0,0.0,0.0,0.0,0.0,0.0,0.0,0.0,0.0,0.0,0.0,0.0,0.0,0.0,0.0,0.0,0.0,0.0,0.0,0.0,0.0,0.0,0.0,0.0,0.0,0.0,0.0,3.0,5.0,8.0,2.0,0.0,4.0,0.0,0.0,0.0,0.0,0.0,9.0,0.0,4.0,0.0,0.0,0.0,0.0,0.0,0.0,0.0,4.0,0.0,0.0,4.0,7.0,0.0,0.0,3.0,0.0,4.0,4.0,0.0,3.0,0.0,0.0,0.0,3.0,0.0,0.0,0.0,3.0,0.0,7.0,0.0,0.0,0.0,4.0,3.0,0.0,6.0,0.0,7.0,8.0,4.0,0.0,4.0,5.0,0.0,0.0,0.0,0.0,3.0,0.0,7.0,0.0,0.0,0.0,7.0,0.0,0.0,0.0,0.0,0.0,0.0,0.0,0.0,3.0,0.0,7.0,0.0,4.0,7.0,4.0,7.0,4.0,0.0,4.0,6.0,6.0,7.0,0.0,4.0,5.0,6.0,7.0,4.0,7.0,6.0,9.0,4.0,3.0,3.0,7.0,4.0,3.0,0.0,4.0,4.0,0.0,6.0,2.0,0.0,4.0,0.0,2.0,7.0,0.0,0.0,4.0,0.0,8.0,4.0,7.0,8.0,4.0,4.0,4.0,4.0,4.0,4.0,2.0,0.0,0.0,4.0,5.0,4.0,0.0,4.0,0.0,9.0,0.0,3.0,8.0,4.0,4.0,4.0,5.0,6.0,10.0,7.0,4.0,3.0,7.0,0.0,4.0,0.0,0.0,0.0,0.0,5.0,3.0,0.0,3.0,4.0,5.0,4.0,9.0,3.0,0.0,6.0,8.0,0.0,4.0,2.0,0.0,7.0,7.0,0.0,4.0,4.0,0.0,7.0,3.0,0.0,4.0,0.0,0.0,7.0,6.0,0.0,4.0,4.0,3.0,4.0,3.0,4.0,0.0,3.0,4.0,0.0,0.0,0.0,5.0,0.0,6.0,0.0,0.0,0.0,3.0,5.0,0.0,0.0,4.0,7.0,0.0,0.0,4.0,4.0,3.0,6.0,6.0,4.0,0.0,0.0,9.0,0.0,0.0,0.0,0.0,0.0,0.0,0.0,5.0,3.0,0.0,0.0,0.0,4.0,5.0,7.0,4.0,4.0,3.0,4.0,5.0,1.0,0.0,7.0,5.0,0.0,0.0,4.0,9.0,0.0,0.0,0.0,0.0,0.0,4.0,5.0,7.0,9.0,0.0,7.0,0.0,4.0,4.0,4.0,0.0,0.0,0.0,4.0,0.0,6.0,7.0,0.0,7.0,0.0,0.0,0.0,0.0,0.0,0.0,0.0,0.0,6.0,4.0,0.0,0.0,6.0,4.0,4.0,4.0,0.0,4.0,0.0,0.0,0.0,3.0,3.0,0.0,9.0,5.0,3.0,4.0,0.0,6.0,4.0,4.0,7.0,7.0,0.0,4.0,6.0,0.0,4.0,4.0,0.0,4.0,4.0,0.0,4.0,2.0,3.0,0.0,5.0,3.0,0.0,4.0,5.0,0.0,7.0,4.0,4.0,6.0,4.0,0.0,4.0,7.0,0.0,0.0,0.0,0.0,0.0,0.0,4.0,4.0,5.0,7.0,4.0,0.0,0.0,4.0,0.0,0.0,6.0,3.0,0.0,0.0,0.0,6.0,0.0,0.0,4.0,0.0,0.0,5.0,0.0,4.0,4.0,7.0,4.0,0.0,7.0,0.0,0.0,4.0,4.0,0.0,7.0,4.0,0.0,0.0,0.0,0.0,4.0,0.0,4.0,9.0,4.0,3.0,7.0,7.0,0.0,7.0,0.0,0.0,0.0,0.0,0.0,0.0,5.0,4.0,5.0,0.0,0.0,0.0,7.0,7.0,4.0,5.0,4.0,0.0,9.0,0.0,9.0,0.0,4.0,0.0,3.0,0.0,5.0,0.0,4.0,6.0,5.0,0.0,3.0,7.0,7.0,4.0,0.0,4.0,4.0,0.0,5.0,4.0,7.0,0.0,0.0,0.0,4.0,6.0,4.0,0.0,0.0,0.0,6.0,0.0,4.0,0.0,4.0,10.0,7.0,5.0,4.0,0.0,6.0,0.0,4.0,4.0,5.0,0.0,3.0,0.0,7.0,4.0,5.0,0.0,4.0,3.0,0.0,4.0,0.0,3.0,4.0,3.0,0.0,0.0,10.0,5.0,3.0,4.0,0.0,6.0,5.0,0.0,0.0,0.0,6.0,0.0,0.0,0.0,7.0,4.0,0.0,6.0,7.0,0.0,9.0,4.0,6.0,0.0,4.0,0.0,7.0,4.0,0.0,2.0,0.0,0.0,4.0,0.0,0.0,0.0,4.0,3.0,3.0,4.0,0.0,0.0,3.0,0.0,0.0,0.0,0.0,0.0,6.0,6.0,0.0,0.0,0.0,0.0,7.0,5.0,5.0,4.0,0.0,6.0,4.0,4.0,0.0,4.0,10.0,4.0,6.0,4.0,0.0,4.0,0.0,5.0,0.0,8.0,4.0,7.0,0.0,9.0,0.0,4.0,0.0,5.0,3.0,4.0,4.0,2.0,7.0,4.0,7.0,3.0,7.0,0.0,6.0,4.0,0.0,5.0,7.0,6.0,5.0,0.0,3.0,4.0,7.0,7.0,4.0,5.0,0.0,0.0,0.0,7.0,3.0,4.0,3.0,0.0,0.0,0.0,4.0,4.0,0.0,10.0,0.0,4.0,0.0,0.0,3.0,0.0,0.0,3.0,0.0,6.0,0.0,7.0,3.0,4.0,3.0,0.0,4.0,7.0,3.0,6.0,4.0,5.0,6.0,4.0,0.0,4.0,5.0,9.0,4.0,2.0,4.0,0.0,4.0,7.0,4.0,0.0,5.0,6.0,4.0,5.0,9.0,0.0,4.0,9.0,3.0,3.0,3.0,4.0,5.0,0.0,7.0,4.0,4.0,5.0,0.0,10.0,7.0,4.0,0.0,9.0,7.0,7.0,4.0,7.0,0.0,3.0,5.0,7.0,9.0,3.0,4.0,5.0,7.0,0.0,0.0,0.0,0.0,4.0,7.0,0.0,3.0,0.0,3.0,0.0,4.0,0.0,4.0,3.0,3.0,4.0,4.0,4.0,0.0,5.0,0.0,4.0,0.0,0.0,0.0,7.0,3.0,7.0,0.0,4.0,5.0,0.0,4.0,0.0,0.0,0.0,4.0,4.0,0.0,4.0,4.0,6.0,0.0,3.0,4.0,0.0,5.0,0.0,4.0,4.0,5.0,0.0,4.0,5.0,3.0,4.0,4.0,4.0,4.0,5.0,4.0,7.0,6.0,0.0,7.0,5.0,6.0,4.0,5.0,0.0,9.0,4.0,4.0,5.0,7.0,0.0,6.0,5.0,4.0,5.0,7.0,5.0,9.0,3.0,7.0,0.0,6.0,4.0,4.0,4.0,4.0,4.0,0.0,5.0,3.0,3.0,4.0,3.0,2.0,3.0,7.0,9.0,4.0,0.0,0.0,4.0,0.0,9.0,4.0,10.0,7.0,0.0,7.0,3.0,4.0,0.0,7.0,0.0,7.0,7.0,7.0,3.0,3.0,4.0,0.0,7.0,7.0,3.0,0.0,4.0,3.0,4.0,7.0,4.0,5.0,7.0,5.0,0.0,0.0,0.0,5.0,0.0,6.0,7.0,4.0,7.0,9.0,4.0,2.0,2.0,10.0,0.0,0.0,4.0,4.0,3.0,4.0,6.0,0.0,1.0,6.0,6.0,4.0,0.0,4.0,10.0,4.0,4.0,4.0,4.0,3.0,6.0,4.0,6.0,4.0,0.0,5.0,7.0,0.0,7.0,4.0,7.0,8.0,6.0,0.0,4.0,5.0,6.0,4.0,4.0,4.0,6.0,4.0,4.0,5.0,4.0,6.0,7.0,4.0,4.0,0.0,0.0,4.0,4.0,3.0,3.0,6.0,9.0,7.0,5.0,4.0,0.0,5.0,9.0,4.0,0.0,0.0,0.0,4.0,6.0,4.0,5.0,8.0,6.0,0.0,5.0,4.0,7.0,7.0,4.0,4.0,6.0,0.0,4.0,0.0,7.0,4.0,4.0,4.0,9.0,3.0,0.0,0.0,4.0,4.0,7.0,4.0,0.0,7.0,5.0,6.0,1.0,4.0,3.0,4.0,5.0,3.0,3.0,4.0,7.0,4.0,4.0,5.0,7.0,4.0,0.0,3.0,0.0,7.0,0.0,6.0,5.0,7.0,4.0,4.0,9.0,0.0,4.0,6.0,3.0,3.0,4.0,7.0,8.0,4.0,7.0,8.0,3.0,0.0,4.0,4.0,7.0,8.0,3.0,3.0,4.0,0.0,4.0,4.0,4.0,3.0,4.0,4.0,8.0,2.0,3.0,4.0,4.0,9.0,6.0,9.0,0.0,3.0,0.0,0.0,5.0,8.0,0.0,1.0,0.0,5.0,4.0,7.0,5.0,4.0,3.0,5.0,7.0,2.0,0.0,0.0,7.0,7.0,5.0,5.0,4.0,6.0,4.0,7.0,4.0,8.0,9.0,7.0,9.0,3.0,7.0,4.0,3.0,4.0,7.0,7.0,4.0,4.0,6.0,4.0,4.0,6.0,4.0,4.0,6.0,6.0,9.0,4.0,4.0,4.0,5.0,4.0,4.0,0.0,0.0,0.0,4.0,4.0,6.0,9.0,4.0,4.0,0.0,0.0,4.0,0.0,0.0,0.0,4.0,5.0,4.0,7.0,0.0,7.0,7.0,7.0,4.0,5.0,3.0,8.0,4.0,7.0,6.0,3.0,4.0,7.0,6.0,0.0,6.0,4.0,4.0,2.0,4.0,7.0,8.0,3.0,4.0,6.0,10.0,7.0,7.0,6.0,6.0,4.0,6.0,2.0,8.0,6.0,4.0,7.0,4.0,4.0,6.0,4.0,4.0,4.0,7.0,0.0,4.0,0.0,4.0,4.0,6.0,4.0,7.0,4.0,7.0,4.0,9.0,6.0,9.0,4.0,9.0,2.0,8.0,7.0,8.0,4.0,5.0,9.0,0.0,7.0,5.0,0.0,6.0,4.0,2.0,4.0,7.0,4.0,4.0,4.0,4.0,6.0,4.0,3.0,5.0,4.0,10.0,6.0,7.0,0.0,5.0,7.0,4.0,5.0,7.0,7.0,4.0,5.0,4.0,9.0,4.0,4.0,9.0,4.0,7.0,5.0,0.0,5.0,4.0,6.0,5.0,6.0,5.0,6.0,5.0,4.0,3.0,6.0,4.0,9.0,6.0,4.0,7.0,4.0,4.0,4.0,6.0,3.0,3.0,8.0,5.0,4.0,3.0,0.0,4.0,4.0,5.0,4.0,4.0,6.0,5.0,4.0,9.0,6.0,7.0,4.0,7.0,3.0,6.0,5.0,4.0,4.0,5.0,3.0,6.0,4.0,0.0,7.0,6.0,6.0,4.0,7.0,5.0,0.0,7.0,3.0,8.0,5.0,4.0,0.0,5.0,3.0,5.0,4.0,7.0,7.0,9.0,4.0,7.0,4.0,6.0,7.0,3.0,4.0,7.0,4.0,4.0,4.0,3.0,5.0,7.0,3.0,4.0,7.0,0.0,4.0,7.0,5.0,4.0,3.0,7.0,4.0,6.0,7.0,5.0,4.0,6.0,6.0,4.0,6.0,0.0,7.0,2.0,6.0,10.0,5.0,6.0,6.0,4.0,6.0,7.0,6.0,3.0,4.0,4.0,3.0,0.0,6.0,6.0,4.0,7.0,6.0,4.0,7.0,3.0,5.0,3.0,4.0,4.0,6.0,4.0,3.0,8.0,3.0,0.0,3.0,0.0,4.0,3.0,3.0,4.0,7.0,7.0,4.0,4.0,4.0,3.0,5.0,0.0,4.0,0.0,4.0,4.0,4.0,8.0,6.0,5.0,4.0,4.0,4.0,0.0,8.0,4.0,4.0,7.0,4.0,7.0,4.0,6.0,4.0,5.0,7.0,6.0,3.0,4.0,3.0,6.0,4.0,4.0,10.0,4.0,0.0,4.0,4.0,4.0,4.0,7.0,4.0,4.0,7.0,6.0,0.0,4.0,8.0,3.0,10.0,10.0,4.0,3.0,5.0,0.0,4.0,5.0,6.0,9.0,7.0,4.0,4.0,8.0,4.0,6.0,3.0,5.0,9.0,7.0,7.0,9.0,3.0,7.0,7.0,4.0,4.0,7.0,3.0,9.0,7.0,0.0,6.0,4.0,6.0,4.0,0.0,5.0,6.0,4.0,4.0,4.0,4.0,0.0,2.0,4.0,0.0,4.0,9.0,3.0,4.0,4.0,10.0,4.0,5.0,2.0,7.0,0.0,6.0,6.0,4.0,5.0,4.0,6.0,6.0,4.0,3.0,7.0,4.0,7.0,5.0,4.0,0.0,3.0,7.0,6.0,5.0,3.0,7.0,5.0,7.0,4.0,3.0,6.0,0.0,3.0,4.0,4.0,3.0,4.0,4.0,7.0,4.0,4.0,5.0,3.0,4.0,5.0,4.0,6.0,7.0,2.0,7.0,3.0,9.0,8.0,7.0,5.0,4.0,9.0,4.0,9.0,6.0,3.0,4.0,4.0,4.0,7.0,3.0,7.0,7.0,4.0,5.0,6.0,4.0,4.0,4.0,0.0,7.0,6.0,0.0,6.0,4.0,9.0,5.0,7.0,5.0,2.0,7.0,7.0,6.0,4.0,3.0,5.0,4.0,4.0,4.0,7.0,4.0,6.0,4.0,0.0,0.0,10.0,9.0,3.0,10.0,4.0,0.0,4.0,3.0,5.0,0.0,9.0,7.0,4.0,5.0,7.0,4.0,4.0,3.0,5.0,4.0,7.0,7.0,7.0,4.0,4.0,3.0,4.0,5.0,7.0,5.0,5.0,3.0,4.0,7.0,4.0,4.0,8.0,0.0,7.0,4.0,4.0,4.0,5.0,7.0,3.0,0.0,6.0,4.0,9.0,4.0,4.0,7.0,4.0,4.0,9.0,3.0,9.0,4.0,10.0,4.0,3.0,5.0,3.0,5.0,4.0,5.0,4.0,3.0,7.0,4.0,5.0,3.0,4.0,0.0,7.0,7.0,4.0,7.0,2.0,4.0,8.0,4.0,4.0,4.0,3.0,4.0,9.0,10.0,0.0,5.0,5.0,4.0,5.0,4.0,6.0,7.0,2.0,5.0,4.0,4.0,6.0,7.0,7.0,4.0,0.0,4.0,4.0,6.0,10.0,7.0,4.0,4.0,5.0,7.0,0.0,6.0,6.0,0.0,7.0,4.0,3.0,8.0,4.0,2.0,7.0,6.0,8.0,8.0,3.0,7.0,4.0,4.0,4.0,4.0,4.0,0.0,5.0,8.0,4.0,9.0,7.0,4.0,4.0,7.0,4.0,5.0,0.0,6.0,1.0,9.0,6.0,4.0,4.0,4.0,4.0,4.0,3.0,4.0,7.0,7.0,5.0,7.0,0.0,4.0,4.0,0.0,4.0,4.0,0.0,3.0,4.0,3.0,3.0,7.0,4.0,4.0,9.0,3.0,7.0,7.0,4.0,7.0,5.0,8.0,4.0,4.0,0.0,6.0,4.0,8.0,4.0,6.0,5.0,4.0,4.0,5.0,3.0,4.0,0.0,7.0,7.0,7.0,3.0,4.0,5.0,7.0,4.0,8.0,0.0,9.0,4.0,4.0,7.0,4.0,4.0,8.0,3.0,4.0,0.0,4.0,4.0,4.0,6.0,9.0,3.0,4.0,8.0,4.0,5.0,4.0,4.0,3.0,7.0,4.0,4.0,4.0,5.0,4.0,9.0,4.0,9.0,4.0,4.0,4.0,4.0,4.0,4.0,4.0,0.0,4.0,4.0,9.0,6.0,3.0,4.0,4.0,5.0,4.0,5.0,3.0,3.0,3.0,3.0,6.0,0.0,4.0,4.0,4.0,7.0,5.0,5.0,2.0,4.0,5.0,4.0,0.0,7.0,3.0,4.0,4.0,6.0,5.0,4.0,4.0,5.0,7.0,4.0,3.0,3.0,4.0,5.0,4.0,4.0,5.0,6.0,5.0,4.0,4.0,4.0,4.0,4.0,5.0,4.0,4.0,3.0,7.0,4.0,6.0,0.0,3.0,4.0,7.0,4.0,9.0,6.0,0.0,7.0,3.0,3.0,3.0,7.0,0.0,4.0,5.0,6.0,0.0,4.0,0.0,4.0,7.0,4.0,3.0,4.0,9.0,5.0,0.0,8.0,4.0,7.0,5.0,4.0,4.0,3.0,4.0,5.0,0.0,4.0,5.0,4.0,4.0,4.0,5.0,4.0,4.0,7.0,4.0,6.0,6.0,6.0,7.0,4.0,4.0,3.0,10.0,7.0,7.0,3.0,0.0,4.0,4.0,4.0,4.0,4.0,4.0,0.0,10.0,4.0,4.0,4.0,4.0,3.0,4.0,3.0,4.0,4.0,4.0,3.0,7.0,0.0,7.0,7.0,7.0,4.0,5.0,5.0,3.0,4.0,0.0,6.0,0.0,9.0,4.0,4.0,7.0,4.0,6.0,6.0,9.0,8.0,7.0,9.0,6.0,4.0,5.0,9.0,7.0,0.0,0.0,7.0,7.0,3.0,5.0,7.0,7.0,5.0,4.0,7.0,6.0,4.0,0.0,4.0,3.0,2.0,6.0,0.0,4.0,7.0,10.0,7.0,8.0,5.0,4.0,4.0,8.0,7.0,4.0,5.0,4.0,4.0,9.0,5.0,4.0,0.0,6.0,6.0,3.0,5.0,2.0,4.0,7.0,3.0,4.0,5.0,4.0,4.0,4.0,5.0,5.0,3.0,4.0,5.0,4.0,0.0,3.0,3.0,0.0,7.0,6.0,1.0,4.0,4.0,7.0,3.0,5.0,4.0,3.0,4.0,0.0,3.0,4.0,9.0,6.0,6.0,3.0,4.0,4.0,5.0,4.0,7.0,4.0,6.0,3.0,0.0,4.0,4.0,4.0,6.0,6.0,3.0,4.0,0.0,4.0,3.0,4.0,7.0,3.0,4.0,5.0,7.0,9.0,4.0,7.0,7.0,6.0,4.0,4.0,7.0,0.0,8.0,7.0,3.0,4.0,4.0,4.0,6.0,4.0,0.0,4.0,6.0,4.0,0.0,5.0,3.0,4.0,8.0,2.0,4.0,5.0,4.0,3.0,4.0,7.0,5.0,3.0,4.0,5.0,4.0,5.0,4.0,6.0,7.0,3.0,7.0,7.0,4.0,5.0,10.0,7.0,7.0,0.0,8.0,3.0,3.0,0.0,3.0,7.0,8.0,6.0,0.0,5.0,3.0,4.0,7.0,7.0,5.0,6.0,7.0,4.0,3.0,2.0,10.0,7.0,0.0,6.0,6.0,4.0,4.0,6.0,4.0,4.0,4.0,7.0,4.0,2.0,4.0,0.0,4.0,5.0,4.0,6.0,6.0,4.0,7.0,5.0,7.0,4.0,0.0,3.0,4.0,5.0,3.0,6.0,3.0,4.0,4.0,0.0,0.0,4.0,8.0,4.0,6.0,4.0,7.0,8.0,4.0,7.0,5.0,6.0,7.0,4.0,3.0,4.0,7.0,7.0,4.0,4.0,4.0,4.0,7.0,0.0,4.0,6.0,3.0,7.0,4.0,6.0,5.0,3.0,9.0,4.0,4.0,4.0,5.0,4.0,4.0,8.0,4.0,0.0,4.0,3.0,3.0,0.0,3.0,4.0,4.0,4.0,3.0,6.0,7.0,4.0,4.0,7.0,5.0,4.0,6.0,4.0,3.0,6.0,4.0,6.0,4.0,5.0,0.0,0.0,3.0,8.0,7.0,4.0,2.0,4.0,4.0,6.0,5.0,9.0,4.0,8.0,7.0,3.0,4.0,8.0,3.0,3.0,7.0,3.0,9.0,4.0,3.0,6.0,0.0,4.0,4.0,8.0,0.0,3.0,4.0,4.0,4.0,5.0,6.0,7.0,4.0,4.0,6.0,10.0,10.0,6.0,4.0,4.0,4.0,3.0,6.0,6.0,3.0,3.0,7.0,4.0,4.0,8.0,7.0,4.0,7.0,4.0,4.0,4.0,4.0,8.0,3.0,4.0,4.0,9.0,4.0,4.0,4.0,6.0,7.0,4.0,0.0,4.0,4.0,7.0,4.0,4.0,7.0,7.0,4.0,3.0,3.0,4.0,6.0,4.0,0.0,4.0,4.0,6.0,3.0,4.0,4.0,4.0,9.0,8.0,0.0,4.0,4.0,2.0,4.0,4.0,3.0,7.0,4.0,8.0,5.0,4.0,6.0,7.0,10.0,4.0,4.0,6.0,5.0,4.0,9.0,2.0,5.0,4.0,3.0,7.0,8.0,3.0,6.0,9.0,5.0,6.0,4.0,4.0,5.0,3.0,2.0,6.0,5.0,4.0,3.0,4.0,4.0,4.0,7.0,3.0,4.0,4.0,4.0,7.0,8.0,0.0,8.0,4.0,4.0,5.0,7.0,4.0,7.0,4.0,3.0,7.0,3.0,8.0,7.0,6.0,9.0,4.0,5.0,0.0,10.0,9.0,0.0,7.0,4.0,4.0,5.0,9.0,3.0,4.0,5.0,3.0,3.0,3.0,0.0,7.0,7.0,8.0,7.0,4.0,7.0,8.0,5.0,2.0,7.0,5.0,0.0,4.0,5.0,8.0,3.0,5.0,0.0,7.0,3.0,8.0,7.0,3.0,3.0,4.0,7.0,6.0,7.0,0.0,7.0,4.0,4.0,8.0,6.0,9.0,7.0,7.0,5.0,4.0,5.0,3.0,4.0,7.0,9.0,3.0,6.0,10.0,8.0,9.0,4.0,6.0,7.0,3.0,6.0,0.0,6.0,7.0,6.0,4.0,4.0,4.0,4.0,4.0,7.0,4.0,6.0,0.0,9.0,10.0,7.0,7.0,7.0,4.0,7.0,0.0,4.0,4.0,4.0,7.0,7.0,4.0,3.0,6.0,7.0,6.0,7.0,4.0,7.0,5.0,7.0,4.0,8.0,7.0,4.0,6.0,7.0,3.0,7.0,7.0,6.0,4.0,4.0,2.0,5.0,4.0,5.0,4.0,4.0,7.0,5.0,9.0,6.0,0.0,4.0,4.0,6.0,4.0,4.0,4.0,4.0,4.0,4.0,4.0,4.0,5.0,7.0,7.0,4.0,6.0,2.0,3.0,5.0,5.0,4.0,4.0,5.0,4.0,0.0,8.0,3.0,6.0,4.0,6.0,3.0,6.0,7.0,7.0,5.0,4.0,0.0,3.0,4.0,9.0,4.0,4.0,4.0,6.0,9.0,3.0,9.0,6.0,4.0,4.0,3.0,7.0,4.0,10.0,7.0,4.0,4.0,3.0,6.0,7.0,4.0,0.0,6.0,4.0,4.0,7.0,4.0,6.0,7.0,4.0,4.0,9.0,3.0,4.0,3.0,10.0,4.0,9.0,9.0,7.0,4.0,4.0,4.0,4.0,3.0,7.0,7.0,6.0,3.0,5.0,2.0,4.0,4.0,3.0,9.0,4.0,7.0,4.0,4.0,4.0,4.0,3.0,2.0,5.0,6.0,4.0,4.0,0.0,3.0,5.0,4.0,2.0,4.0,4.0,7.0,4.0,7.0,9.0,4.0,7.0,0.0,6.0,2.0,4.0,4.0,6.0,8.0,9.0,8.0,4.0,3.0,4.0,4.0,7.0,7.0,3.0,5.0,5.0,4.0,4.0,8.0,7.0,4.0,2.0,4.0,4.0,4.0,3.0,5.0,3.0,0.0,3.0,7.0,5.0,4.0,4.0,6.0,4.0,5.0,4.0,4.0,4.0,4.0,0.0,4.0,6.0,4.0,7.0,7.0,4.0,4.0,5.0,4.0,4.0,2.0,3.0,7.0,4.0,0.0,4.0,6.0,3.0,5.0,4.0,4.0,7.0,4.0,3.0,2.0,4.0,4.0,5.0,5.0,0.0,4.0,9.0,5.0,4.0,4.0,9.0,3.0,7.0,7.0,3.0,8.0,3.0,4.0,4.0,4.0,5.0,7.0,4.0,4.0,5.0,1.0,0.0,9.0,0.0,4.0,7.0,0.0,7.0,7.0,4.0,2.0,3.0,4.0,3.0,4.0,4.0,6.0,4.0,3.0,6.0,7.0,5.0,7.0,5.0,6.0,5.0,5.0,4.0,5.0,4.0,0.0,4.0,9.0,4.0,2.0,6.0,4.0,7.0,4.0,4.0,3.0,3.0,6.0,3.0,0.0,7.0,2.0,3.0,7.0,4.0,9.0,4.0,3.0,4.0,8.0,3.0,0.0,0.0,5.0,6.0,0.0,0.0,5.0,0.0,5.0,4.0,4.0,8.0,8.0,4.0,8.0,4.0,0.0,4.0,4.0,4.0,4.0,5.0,7.0,5.0,8.0,0.0,0.0,4.0,4.0,3.0,4.0,0.0,4.0,6.0,3.0,2.0,6.0,3.0,0.0,8.0,3.0,5.0,10.0,3.0,4.0,6.0,4.0,4.0,4.0,4.0,4.0,3.0,3.0,4.0,5.0,3.0,5.0,9.0,4.0,4.0,4.0,4.0,9.0,8.0,0.0,6.0,5.0,6.0,5.0,4.0,2.0,4.0,6.0,4.0,4.0,4.0,0.0,3.0,4.0,4.0,0.0,4.0,4.0,9.0,7.0,5.0,3.0,4.0,0.0,6.0,7.0,4.0,6.0,6.0,9.0,0.0,4.0,4.0,5.0,3.0,7.0,4.0,0.0,8.0,5.0,8.0,4.0,3.0,4.0,2.0,9.0,4.0,7.0,4.0,9.0,6.0,3.0,0.0,4.0,3.0,3.0,0.0,7.0,3.0,7.0,8.0,9.0,4.0,3.0,6.0,7.0,7.0,4.0,3.0,2.0,6.0,4.0,3.0,4.0,7.0,7.0,0.0,3.0,0.0,4.0,5.0,7.0,6.0,2.0,4.0,7.0,4.0,4.0,4.0,7.0,5.0,4.0,0.0,4.0,9.0,5.0,4.0,7.0,4.0,4.0,7.0,4.0,3.0,4.0
n_epochs_elapsed,1,2,3,4,5,6,7,8,9,10,11,12,13,14,15,16,17,18,19,20,21,22,23,24,25,26,27,28,29,30,31,32,33,34,35,36,37,38,39,40,41,42,43,44,45,46,47,48,49,50,51,52,53,54,55,56,57,58,59,60,61,62,63,64,65,66,67,68,69,70,71,72,73,74,75,76,77,78,79,80,81,82,83,84,85,86,87,88,89,90,91,92,93,94,95,96,97,98,99,100,101,102,103,104,105,106,107,108,109,110,111,112,113,114,115,116,117,118,119,120,121,122,123,124,125,126,127,128,129,130,131,132,133,134,135,136,137,138,139,140,141,142,143,144,145,146,147,148,149,150,151,152,153,154,155,156,157,158,159,160,161,162,163,164,165,166,167,168,169,170,171,172,173,174,175,176,177,178,179,180,181,182,183,184,185,186,187,188,189,190,191,192,193,194,195,196,197,198,199,200,201,202,203,204,205,206,207,208,209,210,211,212,213,214,215,216,217,218,219,220,221,222,223,224,225,226,227,228,229,230,231,232,233,234,235,236,237,238,239,240,241,242,243,244,245,246,247,248,249,250,251,252,253,254,255,256,257,258,259,260,261,262,263,264,265,266,267,268,269,270,271,272,273,274,275,276,277,278,279,280,281,282,283,284,285,286,287,288,289,290,291,292,293,294,295,296,297,298,299,300,301,302,303,304,305,306,307,308,309,310,311,312,313,314,315,316,317,318,319,320,321,322,323,324,325,326,327,328,329,330,331,332,333,334,335,336,337,338,339,340,341,342,343,344,345,346,347,348,349,350,351,352,353,354,355,356,357,358,359,360,361,362,363,364,365,366,367,368,369,370,371,372,373,374,375,376,377,378,379,380,381,382,383,384,385,386,387,388,389,390,391,392,393,394,395,396,397,398,399,400,401,402,403,404,405,406,407,408,409,410,411,412,413,414,415,416,417,418,419,420,421,422,423,424,425,426,427,428,429,430,431,432,433,434,435,436,437,438,439,440,441,442,443,444,445,446,447,448,449,450,451,452,453,454,455,456,457,458,459,460,461,462,463,464,465,466,467,468,469,470,471,472,473,474,475,476,477,478,479,480,481,482,483,484,485,486,487,488,489,490,491,492,493,494,495,496,497,498,499,500,501,502,503,504,505,506,507,508,509,510,511,512,513,514,515,516,517,518,519,520,521,522,523,524,525,526,527,528,529,530,531,532,533,534,535,536,537,538,539,540,541,542,543,544,545,546,547,548,549,550,551,552,553,554,555,556,557,558,559,560,561,562,563,564,565,566,567,568,569,570,571,572,573,574,575,576,577,578,579,580,581,582,583,584,585,586,587,588,589,590,591,592,593,594,595,596,597,598,599,600,601,602,603,604,605,606,607,608,609,610,611,612,613,614,615,616,617,618,619,620,621,622,623,624,625,626,627,628,629,630,631,632,633,634,635,636,637,638,639,640,641,642,643,644,645,646,647,648,649,650,651,652,653,654,655,656,657,658,659,660,661,662,663,664,665,666,667,668,669,670,671,672,673,674,675,676,677,678,679,680,681,682,683,684,685,686,687,688,689,690,691,692,693,694,695,696,697,698,699,700,701,702,703,704,705,706,707,708,709,710,711,712,713,714,715,716,717,718,719,720,721,722,723,724,725,726,727,728,729,730,731,732,733,734,735,736,737,738,739,740,741,742,743,744,745,746,747,748,749,750,751,752,753,754,755,756,757,758,759,760,761,762,763,764,765,766,767,768,769,770,771,772,773,774,775,776,777,778,779,780,781,782,783,784,785,786,787,788,789,790,791,792,793,794,795,796,797,798,799,800,801,802,803,804,805,806,807,808,809,810,811,812,813,814,815,816,817,818,819,820,821,822,823,824,825,826,827,828,829,830,831,832,833,834,835,836,837,838,839,840,841,842,843,844,845,846,847,848,849,850,851,852,853,854,855,856,857,858,859,860,861,862,863,864,865,866,867,868,869,870,871,872,873,874,875,876,877,878,879,880,881,882,883,884,885,886,887,888,889,890,891,892,893,894,895,896,897,898,899,900,901,902,903,904,905,906,907,908,909,910,911,912,913,914,915,916,917,918,919,920,921,922,923,924,925,926,927,928,929,930,931,932,933,934,935,936,937,938,939,940,941,942,943,944,945,946,947,948,949,950,951,952,953,954,955,956,957,958,959,960,961,962,963,964,965,966,967,968,969,970,971,972,973,974,975,976,977,978,979,980,981,982,983,984,985,986,987,988,989,990,991,992,993,994,995,996,997,998,999,1000,1001,1002,1003,1004,1005,1006,1007,1008,1009,1010,1011,1012,1013,1014,1015,1016,1017,1018,1019,1020,1021,1022,1023,1024,1025,1026,1027,1028,1029,1030,1031,1032,1033,1034,1035,1036,1037,1038,1039,1040,1041,1042,1043,1044,1045,1046,1047,1048,1049,1050,1051,1052,1053,1054,1055,1056,1057,1058,1059,1060,1061,1062,1063,1064,1065,1066,1067,1068,1069,1070,1071,1072,1073,1074,1075,1076,1077,1078,1079,1080,1081,1082,1083,1084,1085,1086,1087,1088,1089,1090,1091,1092,1093,1094,1095,1096,1097,1098,1099,1100,1101,1102,1103,1104,1105,1106,1107,1108,1109,1110,1111,1112,1113,1114,1115,1116,1117,1118,1119,1120,1121,1122,1123,1124,1125,1126,1127,1128,1129,1130,1131,1132,1133,1134,1135,1136,1137,1138,1139,1140,1141,1142,1143,1144,1145,1146,1147,1148,1149,1150,1151,1152,1153,1154,1155,1156,1157,1158,1159,1160,1161,1162,1163,1164,1165,1166,1167,1168,1169,1170,1171,1172,1173,1174,1175,1176,1177,1178,1179,1180,1181,1182,1183,1184,1185,1186,1187,1188,1189,1190,1191,1192,1193,1194,1195,1196,1197,1198,1199,1200,1201,1202,1203,1204,1205,1206,1207,1208,1209,1210,1211,1212,1213,1214,1215,1216,1217,1218,1219,1220,1221,1222,1223,1224,1225,1226,1227,1228,1229,1230,1231,1232,1233,1234,1235,1236,1237,1238,1239,1240,1241,1242,1243,1244,1245,1246,1247,1248,1249,1250,1251,1252,1253,1254,1255,1256,1257,1258,1259,1260,1261,1262,1263,1264,1265,1266,1267,1268,1269,1270,1271,1272,1273,1274,1275,1276,1277,1278,1279,1280,1281,1282,1283,1284,1285,1286,1287,1288,1289,1290,1291,1292,1293,1294,1295,1296,1297,1298,1299,1300,1301,1302,1303,1304,1305,1306,1307,1308,1309,1310,1311,1312,1313,1314,1315,1316,1317,1318,1319,1320,1321,1322,1323,1324,1325,1326,1327,1328,1329,1330,1331,1332,1333,1334,1335,1336,1337,1338,1339,1340,1341,1342,1343,1344,1345,1346,1347,1348,1349,1350,1351,1352,1353,1354,1355,1356,1357,1358,1359,1360,1361,1362,1363,1364,1365,1366,1367,1368,1369,1370,1371,1372,1373,1374,1375,1376,1377,1378,1379,1380,1381,1382,1383,1384,1385,1386,1387,1388,1389,1390,1391,1392,1393,1394,1395,1396,1397,1398,1399,1400,1401,1402,1403,1404,1405,1406,1407,1408,1409,1410,1411,1412,1413,1414,1415,1416,1417,1418,1419,1420,1421,1422,1423,1424,1425,1426,1427,1428,1429,1430,1431,1432,1433,1434,1435,1436,1437,1438,1439,1440,1441,1442,1443,1444,1445,1446,1447,1448,1449,1450,1451,1452,1453,1454,1455,1456,1457,1458,1459,1460,1461,1462,1463,1464,1465,1466,1467,1468,1469,1470,1471,1472,1473,1474,1475,1476,1477,1478,1479,1480,1481,1482,1483,1484,1485,1486,1487,1488,1489,1490,1491,1492,1493,1494,1495,1496,1497,1498,1499,1500,1501,1502,1503,1504,1505,1506,1507,1508,1509,1510,1511,1512,1513,1514,1515,1516,1517,1518,1519,1520,1521,1522,1523,1524,1525,1526,1527,1528,1529,1530,1531,1532,1533,1534,1535,1536,1537,1538,1539,1540,1541,1542,1543,1544,1545,1546,1547,1548,1549,1550,1551,1552,1553,1554,1555,1556,1557,1558,1559,1560,1561,1562,1563,1564,1565,1566,1567,1568,1569,1570,1571,1572,1573,1574,1575,1576,1577,1578,1579,1580,1581,1582,1583,1584,1585,1586,1587,1588,1589,1590,1591,1592,1593,1594,1595,1596,1597,1598,1599,1600,1601,1602,1603,1604,1605,1606,1607,1608,1609,1610,1611,1612,1613,1614,1615,1616,1617,1618,1619,1620,1621,1622,1623,1624,1625,1626,1627,1628,1629,1630,1631,1632,1633,1634,1635,1636,1637,1638,1639,1640,1641,1642,1643,1644,1645,1646,1647,1648,1649,1650,1651,1652,1653,1654,1655,1656,1657,1658,1659,1660,1661,1662,1663,1664,1665,1666,1667,1668,1669,1670,1671,1672,1673,1674,1675,1676,1677,1678,1679,1680,1681,1682,1683,1684,1685,1686,1687,1688,1689,1690,1691,1692,1693,1694,1695,1696,1697,1698,1699,1700,1701,1702,1703,1704,1705,1706,1707,1708,1709,1710,1711,1712,1713,1714,1715,1716,1717,1718,1719,1720,1721,1722,1723,1724,1725,1726,1727,1728,1729,1730,1731,1732,1733,1734,1735,1736,1737,1738,1739,1740,1741,1742,1743,1744,1745,1746,1747,1748,1749,1750,1751,1752,1753,1754,1755,1756,1757,1758,1759,1760,1761,1762,1763,1764,1765,1766,1767,1768,1769,1770,1771,1772,1773,1774,1775,1776,1777,1778,1779,1780,1781,1782,1783,1784,1785,1786,1787,1788,1789,1790,1791,1792,1793,1794,1795,1796,1797,1798,1799,1800,1801,1802,1803,1804,1805,1806,1807,1808,1809,1810,1811,1812,1813,1814,1815,1816,1817,1818,1819,1820,1821,1822,1823,1824,1825,1826,1827,1828,1829,1830,1831,1832,1833,1834,1835,1836,1837,1838,1839,1840,1841,1842,1843,1844,1845,1846,1847,1848,1849,1850,1851,1852,1853,1854,1855,1856,1857,1858,1859,1860,1861,1862,1863,1864,1865,1866,1867,1868,1869,1870,1871,1872,1873,1874,1875,1876,1877,1878,1879,1880,1881,1882,1883,1884,1885,1886,1887,1888,1889,1890,1891,1892,1893,1894,1895,1896,1897,1898,1899,1900,1901,1902,1903,1904,1905,1906,1907,1908,1909,1910,1911,1912,1913,1914,1915,1916,1917,1918,1919,1920,1921,1922,1923,1924,1925,1926,1927,1928,1929,1930,1931,1932,1933,1934,1935,1936,1937,1938,1939,1940,1941,1942,1943,1944,1945,1946,1947,1948,1949,1950,1951,1952,1953,1954,1955,1956,1957,1958,1959,1960,1961,1962,1963,1964,1965,1966,1967,1968,1969,1970,1971,1972,1973,1974,1975,1976,1977,1978,1979,1980,1981,1982,1983,1984,1985,1986,1987,1988,1989,1990,1991,1992,1993,1994,1995,1996,1997,1998,1999,2000,2001,2002,2003,2004,2005,2006,2007,2008,2009,2010,2011,2012,2013,2014,2015,2016,2017,2018,2019,2020,2021,2022,2023,2024,2025,2026,2027,2028,2029,2030,2031,2032,2033,2034,2035,2036,2037,2038,2039,2040,2041,2042,2043,2044,2045,2046,2047,2048,2049,2050,2051,2052,2053,2054,2055,2056,2057,2058,2059,2060,2061,2062,2063,2064,2065,2066,2067,2068,2069,2070,2071,2072,2073,2074,2075,2076,2077,2078,2079,2080,2081,2082,2083,2084,2085,2086,2087,2088,2089,2090,2091,2092,2093,2094,2095,2096,2097,2098,2099,2100,2101,2102,2103,2104,2105,2106,2107,2108,2109,2110,2111,2112,2113,2114,2115,2116,2117,2118,2119,2120,2121,2122,2123,2124,2125,2126,2127,2128,2129,2130,2131,2132,2133,2134,2135,2136,2137,2138,2139,2140,2141,2142,2143,2144,2145,2146,2147,2148,2149,2150,2151,2152,2153,2154,2155,2156,2157,2158,2159,2160,2161,2162,2163,2164,2165,2166,2167,2168,2169,2170,2171,2172,2173,2174,2175,2176,2177,2178,2179,2180,2181,2182,2183,2184,2185,2186,2187,2188,2189,2190,2191,2192,2193,2194,2195,2196,2197,2198,2199,2200,2201,2202,2203,2204,2205,2206,2207,2208,2209,2210,2211,2212,2213,2214,2215,2216,2217,2218,2219,2220,2221,2222,2223,2224,2225,2226,2227,2228,2229,2230,2231,2232,2233,2234,2235,2236,2237,2238,2239,2240,2241,2242,2243,2244,2245,2246,2247,2248,2249,2250,2251,2252,2253,2254,2255,2256,2257,2258,2259,2260,2261,2262,2263,2264,2265,2266,2267,2268,2269,2270,2271,2272,2273,2274,2275,2276,2277,2278,2279,2280,2281,2282,2283,2284,2285,2286,2287,2288,2289,2290,2291,2292,2293,2294,2295,2296,2297,2298,2299,2300,2301,2302,2303,2304,2305,2306,2307,2308,2309,2310,2311,2312,2313,2314,2315,2316,2317,2318,2319,2320,2321,2322,2323,2324,2325,2326,2327,2328,2329,2330,2331,2332,2333,2334,2335,2336,2337,2338,2339,2340,2341,2342,2343,2344,2345,2346,2347,2348,2349,2350,2351,2352,2353,2354,2355,2356,2357,2358,2359,2360,2361,2362,2363,2364,2365,2366,2367,2368,2369,2370,2371,2372,2373,2374,2375,2376,2377,2378,2379,2380,2381,2382,2383,2384,2385,2386,2387,2388,2389,2390,2391,2392,2393,2394,2395,2396,2397,2398,2399,2400,2401,2402,2403,2404,2405,2406,2407,2408,2409,2410,2411,2412,2413,2414,2415,2416,2417,2418,2419,2420,2421,2422,2423,2424,2425,2426,2427,2428,2429,2430,2431,2432,2433,2434,2435,2436,2437,2438,2439,2440,2441,2442,2443,2444,2445,2446,2447,2448,2449,2450,2451,2452,2453,2454,2455,2456,2457,2458,2459,2460,2461,2462,2463,2464,2465,2466,2467,2468,2469,2470,2471,2472,2473,2474,2475,2476,2477,2478,2479,2480,2481,2482,2483,2484,2485,2486,2487,2488,2489,2490,2491,2492,2493,2494,2495,2496,2497,2498,2499,2500,2501,2502,2503,2504,2505,2506,2507,2508,2509,2510,2511,2512,2513,2514,2515,2516,2517,2518,2519,2520,2521,2522,2523,2524,2525,2526,2527,2528,2529,2530,2531,2532,2533,2534,2535,2536,2537,2538,2539,2540,2541,2542,2543,2544,2545,2546,2547,2548,2549,2550,2551,2552,2553,2554,2555,2556,2557,2558,2559,2560,2561,2562,2563,2564,2565,2566,2567,2568,2569,2570,2571,2572,2573,2574,2575,2576,2577,2578,2579,2580,2581,2582,2583,2584,2585,2586,2587,2588,2589,2590,2591,2592,2593,2594,2595,2596,2597,2598,2599,2600,2601,2602,2603,2604,2605,2606,2607,2608,2609,2610,2611,2612,2613,2614,2615,2616,2617,2618,2619,2620,2621,2622,2623,2624,2625,2626,2627,2628,2629,2630,2631,2632,2633,2634,2635,2636,2637,2638,2639,2640,2641,2642,2643,2644,2645,2646,2647,2648,2649,2650,2651,2652,2653,2654,2655,2656,2657,2658,2659,2660,2661,2662,2663,2664,2665,2666,2667,2668,2669,2670,2671,2672,2673,2674,2675,2676,2677,2678,2679,2680,2681,2682,2683,2684,2685,2686,2687,2688,2689,2690,2691,2692,2693,2694,2695,2696,2697,2698,2699,2700,2701,2702,2703,2704,2705,2706,2707,2708,2709,2710,2711,2712,2713,2714,2715,2716,2717,2718,2719,2720,2721,2722,2723,2724,2725,2726,2727,2728,2729,2730,2731,2732,2733,2734,2735,2736,2737,2738,2739,2740,2741,2742,2743,2744,2745,2746,2747,2748,2749,2750,2751,2752,2753,2754,2755,2756,2757,2758,2759,2760,2761,2762,2763,2764,2765,2766,2767,2768,2769,2770,2771,2772,2773,2774,2775,2776,2777,2778,2779,2780,2781,2782,2783,2784,2785,2786,2787,2788,2789,2790,2791,2792,2793,2794,2795,2796,2797,2798,2799,2800,2801,2802,2803,2804,2805,2806,2807,2808,2809,2810,2811,2812,2813,2814,2815,2816,2817,2818,2819,2820,2821,2822,2823,2824,2825,2826,2827,2828,2829,2830,2831,2832,2833,2834,2835,2836,2837,2838,2839,2840,2841,2842,2843,2844,2845,2846,2847,2848,2849,2850,2851,2852,2853,2854,2855,2856,2857,2858,2859,2860,2861,2862,2863,2864,2865,2866,2867,2868,2869,2870,2871,2872,2873,2874,2875,2876,2877,2878,2879,2880,2881,2882,2883,2884,2885,2886,2887,2888,2889,2890,2891,2892,2893,2894,2895,2896,2897,2898,2899,2900,2901,2902,2903,2904,2905,2906,2907,2908,2909,2910,2911,2912,2913,2914,2915,2916,2917,2918,2919,2920,2921,2922,2923,2924,2925,2926,2927,2928,2929,2930,2931,2932,2933,2934,2935,2936,2937,2938,2939,2940,2941,2942,2943,2944,2945,2946,2947,2948,2949,2950,2951,2952,2953,2954,2955,2956,2957,2958,2959,2960,2961,2962,2963,2964,2965,2966,2967,2968,2969,2970,2971,2972,2973,2974,2975,2976,2977,2978,2979,2980,2981,2982,2983,2984,2985,2986,2987,2988,2989,2990,2991,2992,2993,2994,2995,2996,2997,2998,2999,3000
n_training_episodes_elapsed,50,100,150,200,250,300,350,400,450,500,550,600,650,700,750,800,850,900,950,1000,1050,1100,1150,1200,1250,1300,1350,1400,1450,1500,1550,1600,1650,1700,1750,1800,1850,1900,1950,2000,2050,2100,2150,2200,2250,2300,2350,2400,2450,2500,2550,2600,2650,2700,2750,2800,2850,2900,2950,3000,3050,3100,3150,3200,3250,3300,3350,3400,3450,3500,3550,3600,3650,3700,3750,3800,3850,3900,3950,4000,4050,4100,4150,4200,4250,4300,4350,4400,4450,4500,4550,4600,4650,4700,4750,4800,4850,4900,4950,5000,5050,5100,5150,5200,5250,5300,5350,5400,5450,5500,5550,5600,5650,5700,5750,5800,5850,5900,5950,6000,6050,6100,6150,6200,6250,6300,6350,6400,6450,6500,6550,6600,6650,6700,6750,6800,6850,6900,6950,7000,7050,7100,7150,7200,7250,7300,7350,7400,7450,7500,7550,7600,7650,7700,7750,7800,7850,7900,7950,8000,8050,8100,8150,8200,8250,8300,8350,8400,8450,8500,8550,8600,8650,8700,8750,8800,8850,8900,8950,9000,9050,9100,9150,9200,9250,9300,9350,9400,9450,9500,9550,9600,9650,9700,9750,9800,9850,9900,9950,10000,10050,10100,10150,10200,10250,10300,10350,10400,10450,10500,10550,10600,10650,10700,10750,10800,10850,10900,10950,11000,11050,11100,11150,11200,11250,11300,11350,11400,11450,11500,11550,11600,11650,11700,11750,11800,11850,11900,11950,12000,12050,12100,12150,12200,12250,12300,12350,12400,12450,12500,12550,12600,12650,12700,12750,12800,12850,12900,12950,13000,13050,13100,13150,13200,13250,13300,13350,13400,13450,13500,13550,13600,13650,13700,13750,13800,13850,13900,13950,14000,14050,14100,14150,14200,14250,14300,14350,14400,14450,14500,14550,14600,14650,14700,14750,14800,14850,14900,14950,15000,15050,15100,15150,15200,15250,15300,15350,15400,15450,15500,15550,15600,15650,15700,15750,15800,15850,15900,15950,16000,16050,16100,16150,16200,16250,16300,16350,16400,16450,16500,16550,16600,16650,16700,16750,16800,16850,16900,16950,17000,17050,17100,17150,17200,17250,17300,17350,17400,17450,17500,17550,17600,17650,17700,17750,17800,17850,17900,17950,18000,18050,18100,18150,18200,18250,18300,18350,18400,18450,18500,18550,18600,18650,18700,18750,18800,18850,18900,18950,19000,19050,19100,19150,19200,19250,19300,19350,19400,19450,19500,19550,19600,19650,19700,19750,19800,19850,19900,19950,20000,20050,20100,20150,20200,20250,20300,20350,20400,20450,20500,20550,20600,20650,20700,20750,20800,20850,20900,20950,21000,21050,21100,21150,21200,21250,21300,21350,21400,21450,21500,21550,21600,21650,21700,21750,21800,21850,21900,21950,22000,22050,22100,22150,22200,22250,22300,22350,22400,22450,22500,22550,22600,22650,22700,22750,22800,22850,22900,22950,23000,23050,23100,23150,23200,23250,23300,23350,23400,23450,23500,23550,23600,23650,23700,23750,23800,23850,23900,23950,24000,24050,24100,24150,24200,24250,24300,24350,24400,24450,24500,24550,24600,24650,24700,24750,24800,24850,24900,24950,25000,25050,25100,25150,25200,25250,25300,25350,25400,25450,25500,25550,25600,25650,25700,25750,25800,25850,25900,25950,26000,26050,26100,26150,26200,26250,26300,26350,26400,26450,26500,26550,26600,26650,26700,26750,26800,26850,26900,26950,27000,27050,27100,27150,27200,27250,27300,27350,27400,27450,27500,27550,27600,27650,27700,27750,27800,27850,27900,27950,28000,28050,28100,28150,28200,28250,28300,28350,28400,28450,28500,28550,28600,28650,28700,28750,28800,28850,28900,28950,29000,29050,29100,29150,29200,29250,29300,29350,29400,29450,29500,29550,29600,29650,29700,29750,29800,29850,29900,29950,30000,30050,30100,30150,30200,30250,30300,30350,30400,30450,30500,30550,30600,30650,30700,30750,30800,30850,30900,30950,31000,31050,31100,31150,31200,31250,31300,31350,31400,31450,31500,31550,31600,31650,31700,31750,31800,31850,31900,31950,32000,32050,32100,32150,32200,32250,32300,32350,32400,32450,32500,32550,32600,32650,32700,32750,32800,32850,32900,32950,33000,33050,33100,33150,33200,33250,33300,33350,33400,33450,33500,33550,33600,33650,33700,33750,33800,33850,33900,33950,34000,34050,34100,34150,34200,34250,34300,34350,34400,34450,34500,34550,34600,34650,34700,34750,34800,34850,34900,34950,35000,35050,35100,35150,35200,35250,35300,35350,35400,35450,35500,35550,35600,35650,35700,35750,35800,35850,35900,35950,36000,36050,36100,36150,36200,36250,36300,36350,36400,36450,36500,36550,36600,36650,36700,36750,36800,36850,36900,36950,37000,37050,37100,37150,37200,37250,37300,37350,37400,37450,37500,37550,37600,37650,37700,37750,37800,37850,37900,37950,38000,38050,38100,38150,38200,38250,38300,38350,38400,38450,38500,38550,38600,38650,38700,38750,38800,38850,38900,38950,39000,39050,39100,39150,39200,39250,39300,39350,39400,39450,39500,39550,39600,39650,39700,39750,39800,39850,39900,39950,40000,40050,40100,40150,40200,40250,40300,40350,40400,40450,40500,40550,40600,40650,40700,40750,40800,40850,40900,40950,41000,41050,41100,41150,41200,41250,41300,41350,41400,41450,41500,41550,41600,41650,41700,41750,41800,41850,41900,41950,42000,42050,42100,42150,42200,42250,42300,42350,42400,42450,42500,42550,42600,42650,42700,42750,42800,42850,42900,42950,43000,43050,43100,43150,43200,43250,43300,43350,43400,43450,43500,43550,43600,43650,43700,43750,43800,43850,43900,43950,44000,44050,44100,44150,44200,44250,44300,44350,44400,44450,44500,44550,44600,44650,44700,44750,44800,44850,44900,44950,45000,45050,45100,45150,45200,45250,45300,45350,45400,45450,45500,45550,45600,45650,45700,45750,45800,45850,45900,45950,46000,46050,46100,46150,46200,46250,46300,46350,46400,46450,46500,46550,46600,46650,46700,46750,46800,46850,46900,46950,47000,47050,47100,47150,47200,47250,47300,47350,47400,47450,47500,47550,47600,47650,47700,47750,47800,47850,47900,47950,48000,48050,48100,48150,48200,48250,48300,48350,48400,48450,48500,48550,48600,48650,48700,48750,48800,48850,48900,48950,49000,49050,49100,49150,49200,49250,49300,49350,49400,49450,49500,49550,49600,49650,49700,49750,49800,49850,49900,49950,50000,50050,50100,50150,50200,50250,50300,50350,50400,50450,50500,50550,50600,50650,50700,50750,50800,50850,50900,50950,51000,51050,51100,51150,51200,51250,51300,51350,51400,51450,51500,51550,51600,51650,51700,51750,51800,51850,51900,51950,52000,52050,52100,52150,52200,52250,52300,52350,52400,52450,52500,52550,52600,52650,52700,52750,52800,52850,52900,52950,53000,53050,53100,53150,53200,53250,53300,53350,53400,53450,53500,53550,53600,53650,53700,53750,53800,53850,53900,53950,54000,54050,54100,54150,54200,54250,54300,54350,54400,54450,54500,54550,54600,54650,54700,54750,54800,54850,54900,54950,55000,55050,55100,55150,55200,55250,55300,55350,55400,55450,55500,55550,55600,55650,55700,55750,55800,55850,55900,55950,56000,56050,56100,56150,56200,56250,56300,56350,56400,56450,56500,56550,56600,56650,56700,56750,56800,56850,56900,56950,57000,57050,57100,57150,57200,57250,57300,57350,57400,57450,57500,57550,57600,57650,57700,57750,57800,57850,57900,57950,58000,58050,58100,58150,58200,58250,58300,58350,58400,58450,58500,58550,58600,58650,58700,58750,58800,58850,58900,58950,59000,59050,59100,59150,59200,59250,59300,59350,59400,59450,59500,59550,59600,59650,59700,59750,59800,59850,59900,59950,60000,60050,60100,60150,60200,60250,60300,60350,60400,60450,60500,60550,60600,60650,60700,60750,60800,60850,60900,60950,61000,61050,61100,61150,61200,61250,61300,61350,61400,61450,61500,61550,61600,61650,61700,61750,61800,61850,61900,61950,62000,62050,62100,62150,62200,62250,62300,62350,62400,62450,62500,62550,62600,62650,62700,62750,62800,62850,62900,62950,63000,63050,63100,63150,63200,63250,63300,63350,63400,63450,63500,63550,63600,63650,63700,63750,63800,63850,63900,63950,64000,64050,64100,64150,64200,64250,64300,64350,64400,64450,64500,64550,64600,64650,64700,64750,64800,64850,64900,64950,65000,65050,65100,65150,65200,65250,65300,65350,65400,65450,65500,65550,65600,65650,65700,65750,65800,65850,65900,65950,66000,66050,66100,66150,66200,66250,66300,66350,66400,66450,66500,66550,66600,66650,66700,66750,66800,66850,66900,66950,67000,67050,67100,67150,67200,67250,67300,67350,67400,67450,67500,67550,67600,67650,67700,67750,67800,67850,67900,67950,68000,68050,68100,68150,68200,68250,68300,68350,68400,68450,68500,68550,68600,68650,68700,68750,68800,68850,68900,68950,69000,69050,69100,69150,69200,69250,69300,69350,69400,69450,69500,69550,69600,69650,69700,69750,69800,69850,69900,69950,70000,70050,70100,70150,70200,70250,70300,70350,70400,70450,70500,70550,70600,70650,70700,70750,70800,70850,70900,70950,71000,71050,71100,71150,71200,71250,71300,71350,71400,71450,71500,71550,71600,71650,71700,71750,71800,71850,71900,71950,72000,72050,72100,72150,72200,72250,72300,72350,72400,72450,72500,72550,72600,72650,72700,72750,72800,72850,72900,72950,73000,73050,73100,73150,73200,73250,73300,73350,73400,73450,73500,73550,73600,73650,73700,73750,73800,73850,73900,73950,74000,74050,74100,74150,74200,74250,74300,74350,74400,74450,74500,74550,74600,74650,74700,74750,74800,74850,74900,74950,75000,75050,75100,75150,75200,75250,75300,75350,75400,75450,75500,75550,75600,75650,75700,75750,75800,75850,75900,75950,76000,76050,76100,76150,76200,76250,76300,76350,76400,76450,76500,76550,76600,76650,76700,76750,76800,76850,76900,76950,77000,77050,77100,77150,77200,77250,77300,77350,77400,77450,77500,77550,77600,77650,77700,77750,77800,77850,77900,77950,78000,78050,78100,78150,78200,78250,78300,78350,78400,78450,78500,78550,78600,78650,78700,78750,78800,78850,78900,78950,79000,79050,79100,79150,79200,79250,79300,79350,79400,79450,79500,79550,79600,79650,79700,79750,79800,79850,79900,79950,80000,80050,80100,80150,80200,80250,80300,80350,80400,80450,80500,80550,80600,80650,80700,80750,80800,80850,80900,80950,81000,81050,81100,81150,81200,81250,81300,81350,81400,81450,81500,81550,81600,81650,81700,81750,81800,81850,81900,81950,82000,82050,82100,82150,82200,82250,82300,82350,82400,82450,82500,82550,82600,82650,82700,82750,82800,82850,82900,82950,83000,83050,83100,83150,83200,83250,83300,83350,83400,83450,83500,83550,83600,83650,83700,83750,83800,83850,83900,83950,84000,84050,84100,84150,84200,84250,84300,84350,84400,84450,84500,84550,84600,84650,84700,84750,84800,84850,84900,84950,85000,85050,85100,85150,85200,85250,85300,85350,85400,85450,85500,85550,85600,85650,85700,85750,85800,85850,85900,85950,86000,86050,86100,86150,86200,86250,86300,86350,86400,86450,86500,86550,86600,86650,86700,86750,86800,86850,86900,86950,87000,87050,87100,87150,87200,87250,87300,87350,87400,87450,87500,87550,87600,87650,87700,87750,87800,87850,87900,87950,88000,88050,88100,88150,88200,88250,88300,88350,88400,88450,88500,88550,88600,88650,88700,88750,88800,88850,88900,88950,89000,89050,89100,89150,89200,89250,89300,89350,89400,89450,89500,89550,89600,89650,89700,89750,89800,89850,89900,89950,90000,90050,90100,90150,90200,90250,90300,90350,90400,90450,90500,90550,90600,90650,90700,90750,90800,90850,90900,90950,91000,91050,91100,91150,91200,91250,91300,91350,91400,91450,91500,91550,91600,91650,91700,91750,91800,91850,91900,91950,92000,92050,92100,92150,92200,92250,92300,92350,92400,92450,92500,92550,92600,92650,92700,92750,92800,92850,92900,92950,93000,93050,93100,93150,93200,93250,93300,93350,93400,93450,93500,93550,93600,93650,93700,93750,93800,93850,93900,93950,94000,94050,94100,94150,94200,94250,94300,94350,94400,94450,94500,94550,94600,94650,94700,94750,94800,94850,94900,94950,95000,95050,95100,95150,95200,95250,95300,95350,95400,95450,95500,95550,95600,95650,95700,95750,95800,95850,95900,95950,96000,96050,96100,96150,96200,96250,96300,96350,96400,96450,96500,96550,96600,96650,96700,96750,96800,96850,96900,96950,97000,97050,97100,97150,97200,97250,97300,97350,97400,97450,97500,97550,97600,97650,97700,97750,97800,97850,97900,97950,98000,98050,98100,98150,98200,98250,98300,98350,98400,98450,98500,98550,98600,98650,98700,98750,98800,98850,98900,98950,99000,99050,99100,99150,99200,99250,99300,99350,99400,99450,99500,99550,99600,99650,99700,99750,99800,99850,99900,99950,100000,100050,100100,100150,100200,100250,100300,100350,100400,100450,100500,100550,100600,100650,100700,100750,100800,100850,100900,100950,101000,101050,101100,101150,101200,101250,101300,101350,101400,101450,101500,101550,101600,101650,101700,101750,101800,101850,101900,101950,102000,102050,102100,102150,102200,102250,102300,102350,102400,102450,102500,102550,102600,102650,102700,102750,102800,102850,102900,102950,103000,103050,103100,103150,103200,103250,103300,103350,103400,103450,103500,103550,103600,103650,103700,103750,103800,103850,103900,103950,104000,104050,104100,104150,104200,104250,104300,104350,104400,104450,104500,104550,104600,104650,104700,104750,104800,104850,104900,104950,105000,105050,105100,105150,105200,105250,105300,105350,105400,105450,105500,105550,105600,105650,105700,105750,105800,105850,105900,105950,106000,106050,106100,106150,106200,106250,106300,106350,106400,106450,106500,106550,106600,106650,106700,106750,106800,106850,106900,106950,107000,107050,107100,107150,107200,107250,107300,107350,107400,107450,107500,107550,107600,107650,107700,107750,107800,107850,107900,107950,108000,108050,108100,108150,108200,108250,108300,108350,108400,108450,108500,108550,108600,108650,108700,108750,108800,108850,108900,108950,109000,109050,109100,109150,109200,109250,109300,109350,109400,109450,109500,109550,109600,109650,109700,109750,109800,109850,109900,109950,110000,110050,110100,110150,110200,110250,110300,110350,110400,110450,110500,110550,110600,110650,110700,110750,110800,110850,110900,110950,111000,111050,111100,111150,111200,111250,111300,111350,111400,111450,111500,111550,111600,111650,111700,111750,111800,111850,111900,111950,112000,112050,112100,112150,112200,112250,112300,112350,112400,112450,112500,112550,112600,112650,112700,112750,112800,112850,112900,112950,113000,113050,113100,113150,113200,113250,113300,113350,113400,113450,113500,113550,113600,113650,113700,113750,113800,113850,113900,113950,114000,114050,114100,114150,114200,114250,114300,114350,114400,114450,114500,114550,114600,114650,114700,114750,114800,114850,114900,114950,115000,115050,115100,115150,115200,115250,115300,115350,115400,115450,115500,115550,115600,115650,115700,115750,115800,115850,115900,115950,116000,116050,116100,116150,116200,116250,116300,116350,116400,116450,116500,116550,116600,116650,116700,116750,116800,116850,116900,116950,117000,117050,117100,117150,117200,117250,117300,117350,117400,117450,117500,117550,117600,117650,117700,117750,117800,117850,117900,117950,118000,118050,118100,118150,118200,118250,118300,118350,118400,118450,118500,118550,118600,118650,118700,118750,118800,118850,118900,118950,119000,119050,119100,119150,119200,119250,119300,119350,119400,119450,119500,119550,119600,119650,119700,119750,119800,119850,119900,119950,120000,120050,120100,120150,120200,120250,120300,120350,120400,120450,120500,120550,120600,120650,120700,120750,120800,120850,120900,120950,121000,121050,121100,121150,121200,121250,121300,121350,121400,121450,121500,121550,121600,121650,121700,121750,121800,121850,121900,121950,122000,122050,122100,122150,122200,122250,122300,122350,122400,122450,122500,122550,122600,122650,122700,122750,122800,122850,122900,122950,123000,123050,123100,123150,123200,123250,123300,123350,123400,123450,123500,123550,123600,123650,123700,123750,123800,123850,123900,123950,124000,124050,124100,124150,124200,124250,124300,124350,124400,124450,124500,124550,124600,124650,124700,124750,124800,124850,124900,124950,125000,125050,125100,125150,125200,125250,125300,125350,125400,125450,125500,125550,125600,125650,125700,125750,125800,125850,125900,125950,126000,126050,126100,126150,126200,126250,126300,126350,126400,126450,126500,126550,126600,126650,126700,126750,126800,126850,126900,126950,127000,127050,127100,127150,127200,127250,127300,127350,127400,127450,127500,127550,127600,127650,127700,127750,127800,127850,127900,127950,128000,128050,128100,128150,128200,128250,128300,128350,128400,128450,128500,128550,128600,128650,128700,128750,128800,128850,128900,128950,129000,129050,129100,129150,129200,129250,129300,129350,129400,129450,129500,129550,129600,129650,129700,129750,129800,129850,129900,129950,130000,130050,130100,130150,130200,130250,130300,130350,130400,130450,130500,130550,130600,130650,130700,130750,130800,130850,130900,130950,131000,131050,131100,131150,131200,131250,131300,131350,131400,131450,131500,131550,131600,131650,131700,131750,131800,131850,131900,131950,132000,132050,132100,132150,132200,132250,132300,132350,132400,132450,132500,132550,132600,132650,132700,132750,132800,132850,132900,132950,133000,133050,133100,133150,133200,133250,133300,133350,133400,133450,133500,133550,133600,133650,133700,133750,133800,133850,133900,133950,134000,134050,134100,134150,134200,134250,134300,134350,134400,134450,134500,134550,134600,134650,134700,134750,134800,134850,134900,134950,135000,135050,135100,135150,135200,135250,135300,135350,135400,135450,135500,135550,135600,135650,135700,135750,135800,135850,135900,135950,136000,136050,136100,136150,136200,136250,136300,136350,136400,136450,136500,136550,136600,136650,136700,136750,136800,136850,136900,136950,137000,137050,137100,137150,137200,137250,137300,137350,137400,137450,137500,137550,137600,137650,137700,137750,137800,137850,137900,137950,138000,138050,138100,138150,138200,138250,138300,138350,138400,138450,138500,138550,138600,138650,138700,138750,138800,138850,138900,138950,139000,139050,139100,139150,139200,139250,139300,139350,139400,139450,139500,139550,139600,139650,139700,139750,139800,139850,139900,139950,140000,140050,140100,140150,140200,140250,140300,140350,140400,140450,140500,140550,140600,140650,140700,140750,140800,140850,140900,140950,141000,141050,141100,141150,141200,141250,141300,141350,141400,141450,141500,141550,141600,141650,141700,141750,141800,141850,141900,141950,142000,142050,142100,142150,142200,142250,142300,142350,142400,142450,142500,142550,142600,142650,142700,142750,142800,142850,142900,142950,143000,143050,143100,143150,143200,143250,143300,143350,143400,143450,143500,143550,143600,143650,143700,143750,143800,143850,143900,143950,144000,144050,144100,144150,144200,144250,144300,144350,144400,144450,144500,144550,144600,144650,144700,144750,144800,144850,144900,144950,145000,145050,145100,145150,145200,145250,145300,145350,145400,145450,145500,145550,145600,145650,145700,145750,145800,145850,145900,145950,146000,146050,146100,146150,146200,146250,146300,146350,146400,146450,146500,146550,146600,146650,146700,146750,146800,146850,146900,146950,147000,147050,147100,147150,147200,147250,147300,147350,147400,147450,147500,147550,147600,147650,147700,147750,147800,147850,147900,147950,148000,148050,148100,148150,148200,148250,148300,148350,148400,148450,148500,148550,148600,148650,148700,148750,148800,148850,148900,148950,149000,149050,149100,149150,149200,149250,149300,149350,149400,149450,149500,149550,149600,149650,149700,149750,149800,149850,149900,149950,150000
n_training_steps_elapsed,2500,5000,7500,10000,12500,15000,17500,20000,22500,25000,27500,30000,32500,35000,37500,40000,42500,45000,47500,50000,52500,55000,57500,60000,62500,65000,67500,70000,72500,75000,77500,80000,82500,85000,87500,90000,92500,95000,97500,100000,102500,105000,107500,110000,112500,115000,117500,120000,122500,125000,127500,130000,132500,135000,137500,140000,142500,145000,147500,150000,152500,155000,157500,160000,162500,165000,167500,170000,172500,175000,177500,180000,182500,185000,187500,190000,192500,195000,197500,200000,202500,205000,207500,210000,212500,215000,217500,220000,222500,225000,227500,230000,232500,235000,237500,240000,242500,245000,247500,250000,252500,255000,257500,260000,262500,265000,267500,270000,272500,275000,277500,280000,282500,285000,287500,290000,292500,295000,297500,300000,302500,305000,307500,310000,312500,315000,317500,320000,322500,325000,327500,330000,332500,335000,337500,340000,342500,345000,347500,350000,352500,355000,357500,360000,362500,365000,367500,370000,372500,375000,377500,380000,382500,385000,387500,390000,392500,395000,397500,400000,402500,405000,407500,410000,412500,415000,417500,420000,422500,425000,427500,430000,432500,435000,437500,440000,442500,445000,447500,450000,452500,455000,457500,460000,462500,465000,467500,470000,472500,475000,477500,480000,482500,485000,487500,490000,492500,495000,497500,500000,502500,505000,507500,510000,512500,515000,517500,520000,522500,525000,527500,530000,532500,535000,537500,540000,542500,545000,547500,550000,552500,555000,557500,560000,562500,565000,567500,570000,572500,575000,577500,580000,582500,585000,587500,590000,592500,595000,597500,600000,602500,605000,607500,610000,612500,615000,617500,620000,622500,625000,627500,630000,632500,635000,637500,640000,642500,645000,647500,650000,652500,655000,657500,660000,662500,665000,667500,670000,672500,675000,677500,680000,682500,685000,687500,690000,692500,695000,697500,700000,702500,705000,707500,710000,712500,715000,717500,720000,722500,725000,727500,730000,732500,735000,737500,740000,742500,745000,747500,750000,752500,755000,757500,760000,762500,765000,767500,770000,772500,775000,777500,780000,782500,785000,787500,790000,792500,795000,797500,800000,802500,805000,807500,810000,812500,815000,817500,820000,822500,825000,827500,830000,832500,835000,837500,840000,842500,845000,847500,850000,852500,855000,857500,860000,862500,865000,867500,870000,872500,875000,877500,880000,882500,885000,887500,890000,892500,895000,897500,900000,902500,905000,907500,910000,912500,915000,917500,920000,922500,925000,927500,930000,932500,935000,937500,940000,942500,945000,947500,950000,952500,955000,957500,960000,962500,965000,967500,970000,972500,975000,977500,980000,982500,985000,987500,990000,992500,995000,997500,1000000,1002500,1005000,1007500,1010000,1012500,1015000,1017500,1020000,1022500,1025000,1027500,1030000,1032500,1035000,1037500,1040000,1042500,1045000,1047500,1050000,1052500,1055000,1057500,1060000,1062500,1065000,1067500,1070000,1072500,1075000,1077500,1080000,1082500,1085000,1087500,1090000,1092500,1095000,1097500,1100000,1102500,1105000,1107500,1110000,1112500,1115000,1117500,1120000,1122500,1125000,1127500,1130000,1132500,1135000,1137500,1140000,1142500,1145000,1147500,1150000,1152500,1155000,1157500,1160000,1162500,1165000,1167500,1170000,1172500,1175000,1177500,1180000,1182500,1185000,1187500,1190000,1192500,1195000,1197500,1200000,1202500,1205000,1207500,1210000,1212500,1215000,1217500,1220000,1222500,1225000,1227500,1230000,1232500,1235000,1237500,1240000,1242500,1245000,1247500,1250000,1252500,1255000,1257500,1260000,1262500,1265000,1267500,1270000,1272500,1275000,1277500,1280000,1282500,1285000,1287500,1290000,1292500,1295000,1297500,1300000,1302500,1305000,1307500,1310000,1312500,1315000,1317500,1320000,1322500,1325000,1327500,1330000,1332500,1335000,1337500,1340000,1342500,1345000,1347500,1350000,1352500,1355000,1357500,1360000,1362500,1365000,1367500,1370000,1372500,1375000,1377500,1380000,1382500,1385000,1387500,1390000,1392500,1395000,1397500,1400000,1402500,1405000,1407500,1410000,1412500,1415000,1417500,1420000,1422500,1425000,1427500,1430000,1432500,1435000,1437500,1440000,1442500,1445000,1447500,1450000,1452500,1455000,1457500,1460000,1462500,1465000,1467500,1470000,1472500,1475000,1477500,1480000,1482500,1485000,1487500,1490000,1492500,1495000,1497500,1500000,1502500,1505000,1507500,1510000,1512500,1515000,1517500,1520000,1522500,1525000,1527500,1530000,1532500,1535000,1537500,1540000,1542500,1545000,1547500,1550000,1552500,1555000,1557500,1560000,1562500,1565000,1567500,1570000,1572500,1575000,1577500,1580000,1582500,1585000,1587500,1590000,1592500,1595000,1597500,1600000,1602500,1605000,1607500,1610000,1612500,1615000,1617500,1620000,1622500,1625000,1627500,1630000,1632500,1635000,1637500,1640000,1642500,1645000,1647500,1650000,1652500,1655000,1657500,1660000,1662500,1665000,1667500,1670000,1672500,1675000,1677500,1680000,1682500,1685000,1687500,1690000,1692500,1695000,1697500,1700000,1702500,1705000,1707500,1710000,1712500,1715000,1717500,1720000,1722500,1725000,1727500,1730000,1732500,1735000,1737500,1740000,1742500,1745000,1747500,1750000,1752500,1755000,1757500,1760000,1762500,1765000,1767500,1770000,1772500,1775000,1777500,1780000,1782500,1785000,1787500,1790000,1792500,1795000,1797500,1800000,1802500,1805000,1807500,1810000,1812500,1815000,1817500,1820000,1822500,1825000,1827500,1830000,1832500,1835000,1837500,1840000,1842500,1845000,1847500,1850000,1852500,1855000,1857500,1860000,1862500,1865000,1867500,1870000,1872500,1875000,1877500,1880000,1882500,1885000,1887500,1890000,1892500,1895000,1897500,1900000,1902500,1905000,1907500,1910000,1912500,1915000,1917500,1920000,1922500,1925000,1927500,1930000,1932500,1935000,1937500,1940000,1942500,1945000,1947500,1950000,1952500,1955000,1957500,1960000,1962500,1965000,1967500,1970000,1972500,1975000,1977500,1980000,1982500,1985000,1987500,1990000,1992500,1995000,1997500,2000000,2002500,2005000,2007500,2010000,2012500,2015000,2017500,2020000,2022500,2025000,2027500,2030000,2032500,2035000,2037500,2040000,2042500,2045000,2047500,2050000,2052500,2055000,2057500,2060000,2062500,2065000,2067500,2070000,2072500,2075000,2077500,2080000,2082500,2085000,2087500,2090000,2092500,2095000,2097500,2100000,2102500,2105000,2107500,2110000,2112500,2115000,2117500,2120000,2122500,2125000,2127500,2130000,2132500,2135000,2137500,2140000,2142500,2145000,2147500,2150000,2152500,2155000,2157500,2160000,2162500,2165000,2167500,2170000,2172500,2175000,2177500,2180000,2182500,2185000,2187500,2190000,2192500,2195000,2197500,2200000,2202500,2205000,2207500,2210000,2212500,2215000,2217500,2220000,2222500,2225000,2227500,2230000,2232500,2235000,2237500,2240000,2242500,2245000,2247500,2250000,2252500,2255000,2257500,2260000,2262500,2265000,2267500,2270000,2272500,2275000,2277500,2280000,2282500,2285000,2287500,2290000,2292500,2295000,2297500,2300000,2302500,2305000,2307500,2310000,2312500,2315000,2317500,2320000,2322500,2325000,2327500,2330000,2332500,2335000,2337500,2340000,2342500,2345000,2347500,2350000,2352500,2355000,2357500,2360000,2362500,2365000,2367500,2370000,2372500,2375000,2377500,2380000,2382500,2385000,2387500,2390000,2392500,2395000,2397500,2400000,2402500,2405000,2407500,2410000,2412500,2415000,2417500,2420000,2422500,2425000,2427500,2430000,2432500,2435000,2437500,2440000,2442500,2445000,2447500,2450000,2452500,2455000,2457500,2460000,2462500,2465000,2467500,2470000,2472500,2475000,2477500,2480000,2482500,2485000,2487500,2490000,2492500,2495000,2497500,2500000,2502500,2505000,2507500,2510000,2512500,2515000,2517500,2520000,2522500,2525000,2527500,2530000,2532500,2535000,2537500,2540000,2542500,2545000,2547500,2550000,2552500,2555000,2557500,2560000,2562500,2565000,2567500,2570000,2572500,2575000,2577500,2580000,2582500,2585000,2587500,2590000,2592500,2595000,2597500,2600000,2602500,2605000,2607500,2610000,2612500,2615000,2617500,2620000,2622500,2625000,2627500,2630000,2632500,2635000,2637500,2640000,2642500,2645000,2647500,2650000,2652500,2655000,2657500,2660000,2662500,2665000,2667500,2670000,2672500,2675000,2677500,2680000,2682500,2685000,2687500,2690000,2692500,2695000,2697500,2700000,2702500,2705000,2707500,2710000,2712500,2715000,2717500,2720000,2722500,2725000,2727500,2730000,2732500,2735000,2737500,2740000,2742500,2745000,2747500,2750000,2752500,2755000,2757500,2760000,2762500,2765000,2767500,2770000,2772500,2775000,2777500,2780000,2782500,2785000,2787500,2790000,2792500,2795000,2797500,2800000,2802500,2805000,2807500,2810000,2812500,2815000,2817500,2820000,2822500,2825000,2827500,2830000,2832500,2835000,2837500,2840000,2842500,2845000,2847500,2850000,2852500,2855000,2857500,2860000,2862500,2865000,2867500,2870000,2872500,2875000,2877500,2880000,2882500,2885000,2887500,2890000,2892500,2895000,2897500,2900000,2902500,2905000,2907500,2910000,2912500,2915000,2917500,2920000,2922500,2925000,2927500,2930000,2932500,2935000,2937500,2940000,2942500,2945000,2947500,2950000,2952500,2955000,2957500,2960000,2962500,2965000,2967500,2970000,2972500,2975000,2977500,2980000,2982500,2985000,2987500,2990000,2992500,2995000,2997500,3000000,3002500,3005000,3007500,3010000,3012500,3015000,3017500,3020000,3022500,3025000,3027500,3030000,3032500,3035000,3037500,3040000,3042500,3045000,3047500,3050000,3052500,3055000,3057500,3060000,3062500,3065000,3067500,3070000,3072500,3075000,3077500,3080000,3082500,3085000,3087500,3090000,3092500,3095000,3097500,3100000,3102500,3105000,3107500,3110000,3112500,3115000,3117500,3120000,3122500,3125000,3127500,3130000,3132500,3135000,3137500,3140000,3142500,3145000,3147500,3150000,3152500,3155000,3157500,3160000,3162500,3165000,3167500,3170000,3172500,3175000,3177500,3180000,3182500,3185000,3187500,3190000,3192500,3195000,3197500,3200000,3202500,3205000,3207500,3210000,3212500,3215000,3217500,3220000,3222500,3225000,3227500,3230000,3232500,3235000,3237500,3240000,3242500,3245000,3247500,3250000,3252500,3255000,3257500,3260000,3262500,3265000,3267500,3270000,3272500,3275000,3277500,3280000,3282500,3285000,3287500,3290000,3292500,3295000,3297500,3300000,3302500,3305000,3307500,3310000,3312500,3315000,3317500,3320000,3322500,3325000,3327500,3330000,3332500,3335000,3337500,3340000,3342500,3345000,3347500,3350000,3352500,3355000,3357500,3360000,3362500,3365000,3367500,3370000,3372500,3375000,3377500,3380000,3382500,3385000,3387500,3390000,3392500,3395000,3397500,3400000,3402500,3405000,3407500,3410000,3412500,3415000,3417500,3420000,3422500,3425000,3427500,3430000,3432500,3435000,3437500,3440000,3442500,3445000,3447500,3450000,3452500,3455000,3457500,3460000,3462500,3465000,3467500,3470000,3472500,3475000,3477500,3480000,3482500,3485000,3487500,3490000,3492500,3495000,3497500,3500000,3502500,3505000,3507500,3510000,3512500,3515000,3517500,3520000,3522500,3525000,3527500,3530000,3532500,3535000,3537500,3540000,3542500,3545000,3547500,3550000,3552500,3555000,3557500,3560000,3562500,3565000,3567500,3570000,3572500,3575000,3577500,3580000,3582500,3585000,3587500,3590000,3592500,3595000,3597500,3600000,3602500,3605000,3607500,3610000,3612500,3615000,3617500,3620000,3622500,3625000,3627500,3630000,3632500,3635000,3637500,3640000,3642500,3645000,3647500,3650000,3652500,3655000,3657500,3660000,3662500,3665000,3667500,3670000,3672500,3675000,3677500,3680000,3682500,3685000,3687500,3690000,3692500,3695000,3697500,3700000,3702500,3705000,3707500,3710000,3712500,3715000,3717500,3720000,3722500,3725000,3727500,3730000,3732500,3735000,3737500,3740000,3742500,3745000,3747500,3750000,3752500,3755000,3757500,3760000,3762500,3765000,3767500,3770000,3772500,3775000,3777500,3780000,3782500,3785000,3787500,3790000,3792500,3795000,3797500,3800000,3802500,3805000,3807500,3810000,3812500,3815000,3817500,3820000,3822500,3825000,3827500,3830000,3832500,3835000,3837500,3840000,3842500,3845000,3847500,3850000,3852500,3855000,3857500,3860000,3862500,3865000,3867500,3870000,3872500,3875000,3877500,3880000,3882500,3885000,3887500,3890000,3892500,3895000,3897500,3900000,3902500,3905000,3907500,3910000,3912500,3915000,3917500,3920000,3922500,3925000,3927500,3930000,3932500,3935000,3937500,3940000,3942500,3945000,3947500,3950000,3952500,3955000,3957500,3960000,3962500,3965000,3967500,3970000,3972500,3975000,3977500,3980000,3982500,3985000,3987500,3990000,3992500,3995000,3997500,4000000,4002500,4005000,4007500,4010000,4012500,4015000,4017500,4020000,4022500,4025000,4027500,4030000,4032500,4035000,4037500,4040000,4042500,4045000,4047500,4050000,4052500,4055000,4057500,4060000,4062500,4065000,4067500,4070000,4072500,4075000,4077500,4080000,4082500,4085000,4087500,4090000,4092500,4095000,4097500,4100000,4102500,4105000,4107500,4110000,4112500,4115000,4117500,4120000,4122500,4125000,4127500,4130000,4132500,4135000,4137500,4140000,4142500,4145000,4147500,4150000,4152500,4155000,4157500,4160000,4162500,4165000,4167500,4170000,4172500,4175000,4177500,4180000,4182500,4185000,4187500,4190000,4192500,4195000,4197500,4200000,4202500,4205000,4207500,4210000,4212500,4215000,4217500,4220000,4222500,4225000,4227500,4230000,4232500,4235000,4237500,4240000,4242500,4245000,4247500,4250000,4252500,4255000,4257500,4260000,4262500,4265000,4267500,4270000,4272500,4275000,4277500,4280000,4282500,4285000,4287500,4290000,4292500,4295000,4297500,4300000,4302500,4305000,4307500,4310000,4312500,4315000,4317500,4320000,4322500,4325000,4327500,4330000,4332500,4335000,4337500,4340000,4342500,4345000,4347500,4350000,4352500,4355000,4357500,4360000,4362500,4365000,4367500,4370000,4372500,4375000,4377500,4380000,4382500,4385000,4387500,4390000,4392500,4395000,4397500,4400000,4402500,4405000,4407500,4410000,4412500,4415000,4417500,4420000,4422500,4425000,4427500,4430000,4432500,4435000,4437500,4440000,4442500,4445000,4447500,4450000,4452500,4455000,4457500,4460000,4462500,4465000,4467500,4470000,4472500,4475000,4477500,4480000,4482500,4485000,4487500,4490000,4492500,4495000,4497500,4500000,4502500,4505000,4507500,4510000,4512500,4515000,4517500,4520000,4522500,4525000,4527500,4530000,4532500,4535000,4537500,4540000,4542500,4545000,4547500,4550000,4552500,4555000,4557500,4560000,4562500,4565000,4567500,4570000,4572500,4575000,4577500,4580000,4582500,4585000,4587500,4590000,4592500,4595000,4597500,4600000,4602500,4605000,4607500,4610000,4612500,4615000,4617500,4620000,4622500,4625000,4627500,4630000,4632500,4635000,4637500,4640000,4642500,4645000,4647500,4650000,4652500,4655000,4657500,4660000,4662500,4665000,4667500,4670000,4672500,4675000,4677500,4680000,4682500,4685000,4687500,4690000,4692500,4695000,4697500,4700000,4702500,4705000,4707500,4710000,4712500,4715000,4717500,4720000,4722500,4725000,4727500,4730000,4732500,4735000,4737500,4740000,4742500,4745000,4747500,4750000,4752500,4755000,4757500,4760000,4762500,4765000,4767500,4770000,4772500,4775000,4777500,4780000,4782500,4785000,4787500,4790000,4792500,4795000,4797500,4800000,4802500,4805000,4807500,4810000,4812500,4815000,4817500,4820000,4822500,4825000,4827500,4830000,4832500,4835000,4837500,4840000,4842500,4845000,4847500,4850000,4852500,4855000,4857500,4860000,4862500,4865000,4867500,4870000,4872500,4875000,4877500,4880000,4882500,4885000,4887500,4890000,4892500,4895000,4897500,4900000,4902500,4905000,4907500,4910000,4912500,4915000,4917500,4920000,4922500,4925000,4927500,4930000,4932500,4935000,4937500,4940000,4942500,4945000,4947500,4950000,4952500,4955000,4957500,4960000,4962500,4965000,4967500,4970000,4972500,4975000,4977500,4980000,4982500,4985000,4987500,4990000,4992500,4995000,4997500,5000000,5002500,5005000,5007500,5010000,5012500,5015000,5017500,5020000,5022500,5025000,5027500,5030000,5032500,5035000,5037500,5040000,5042500,5045000,5047500,5050000,5052500,5055000,5057500,5060000,5062500,5065000,5067500,5070000,5072500,5075000,5077500,5080000,5082500,5085000,5087500,5090000,5092500,5095000,5097500,5100000,5102500,5105000,5107500,5110000,5112500,5115000,5117500,5120000,5122500,5125000,5127500,5130000,5132500,5135000,5137500,5140000,5142500,5145000,5147500,5150000,5152500,5155000,5157500,5160000,5162500,5165000,5167500,5170000,5172500,5175000,5177500,5180000,5182500,5185000,5187500,5190000,5192500,5195000,5197500,5200000,5202500,5205000,5207500,5210000,5212500,5215000,5217500,5220000,5222500,5225000,5227500,5230000,5232500,5235000,5237500,5240000,5242500,5245000,5247500,5250000,5252500,5255000,5257500,5260000,5262500,5265000,5267500,5270000,5272500,5275000,5277500,5280000,5282500,5285000,5287500,5290000,5292500,5295000,5297500,5300000,5302500,5305000,5307500,5310000,5312500,5315000,5317500,5320000,5322500,5325000,5327500,5330000,5332500,5335000,5337500,5340000,5342500,5345000,5347500,5350000,5352500,5355000,5357500,5360000,5362500,5365000,5367500,5370000,5372500,5375000,5377500,5380000,5382500,5385000,5387500,5390000,5392500,5395000,5397500,5400000,5402500,5405000,5407500,5410000,5412500,5415000,5417500,5420000,5422500,5425000,5427500,5430000,5432500,5435000,5437500,5440000,5442500,5445000,5447500,5450000,5452500,5455000,5457500,5460000,5462500,5465000,5467500,5470000,5472500,5475000,5477500,5480000,5482500,5485000,5487500,5490000,5492500,5495000,5497500,5500000,5502500,5505000,5507500,5510000,5512500,5515000,5517500,5520000,5522500,5525000,5527500,5530000,5532500,5535000,5537500,5540000,5542500,5545000,5547500,5550000,5552500,5555000,5557500,5560000,5562500,5565000,5567500,5570000,5572500,5575000,5577500,5580000,5582500,5585000,5587500,5590000,5592500,5595000,5597500,5600000,5602500,5605000,5607500,5610000,5612500,5615000,5617500,5620000,5622500,5625000,5627500,5630000,5632500,5635000,5637500,5640000,5642500,5645000,5647500,5650000,5652500,5655000,5657500,5660000,5662500,5665000,5667500,5670000,5672500,5675000,5677500,5680000,5682500,5685000,5687500,5690000,5692500,5695000,5697500,5700000,5702500,5705000,5707500,5710000,5712500,5715000,5717500,5720000,5722500,5725000,5727500,5730000,5732500,5735000,5737500,5740000,5742500,5745000,5747500,5750000,5752500,5755000,5757500,5760000,5762500,5765000,5767500,5770000,5772500,5775000,5777500,5780000,5782500,5785000,5787500,5790000,5792500,5795000,5797500,5800000,5802500,5805000,5807500,5810000,5812500,5815000,5817500,5820000,5822500,5825000,5827500,5830000,5832500,5835000,5837500,5840000,5842500,5845000,5847500,5850000,5852500,5855000,5857500,5860000,5862500,5865000,5867500,5870000,5872500,5875000,5877500,5880000,5882500,5885000,5887500,5890000,5892500,5895000,5897500,5900000,5902500,5905000,5907500,5910000,5912500,5915000,5917500,5920000,5922500,5925000,5927500,5930000,5932500,5935000,5937500,5940000,5942500,5945000,5947500,5950000,5952500,5955000,5957500,5960000,5962500,5965000,5967500,5970000,5972500,5975000,5977500,5980000,5982500,5985000,5987500,5990000,5992500,5995000,5997500,6000000,6002500,6005000,6007500,6010000,6012500,6015000,6017500,6020000,6022500,6025000,6027500,6030000,6032500,6035000,6037500,6040000,6042500,6045000,6047500,6050000,6052500,6055000,6057500,6060000,6062500,6065000,6067500,6070000,6072500,6075000,6077500,6080000,6082500,6085000,6087500,6090000,6092500,6095000,6097500,6100000,6102500,6105000,6107500,6110000,6112500,6115000,6117500,6120000,6122500,6125000,6127500,6130000,6132500,6135000,6137500,6140000,6142500,6145000,6147500,6150000,6152500,6155000,6157500,6160000,6162500,6165000,6167500,6170000,6172500,6175000,6177500,6180000,6182500,6185000,6187500,6190000,6192500,6195000,6197500,6200000,6202500,6205000,6207500,6210000,6212500,6215000,6217500,6220000,6222500,6225000,6227500,6230000,6232500,6235000,6237500,6240000,6242500,6245000,6247500,6250000,6252500,6255000,6257500,6260000,6262500,6265000,6267500,6270000,6272500,6275000,6277500,6280000,6282500,6285000,6287500,6290000,6292500,6295000,6297500,6300000,6302500,6305000,6307500,6310000,6312500,6315000,6317500,6320000,6322500,6325000,6327500,6330000,6332500,6335000,6337500,6340000,6342500,6345000,6347500,6350000,6352500,6355000,6357500,6360000,6362500,6365000,6367500,6370000,6372500,6375000,6377500,6380000,6382500,6385000,6387500,6390000,6392500,6395000,6397500,6400000,6402500,6405000,6407500,6410000,6412500,6415000,6417500,6420000,6422500,6425000,6427500,6430000,6432500,6435000,6437500,6440000,6442500,6445000,6447500,6450000,6452500,6455000,6457500,6460000,6462500,6465000,6467500,6470000,6472500,6475000,6477500,6480000,6482500,6485000,6487500,6490000,6492500,6495000,6497500,6500000,6502500,6505000,6507500,6510000,6512500,6515000,6517500,6520000,6522500,6525000,6527500,6530000,6532500,6535000,6537500,6540000,6542500,6545000,6547500,6550000,6552500,6555000,6557500,6560000,6562500,6565000,6567500,6570000,6572500,6575000,6577500,6580000,6582500,6585000,6587500,6590000,6592500,6595000,6597500,6600000,6602500,6605000,6607500,6610000,6612500,6615000,6617500,6620000,6622500,6625000,6627500,6630000,6632500,6635000,6637500,6640000,6642500,6645000,6647500,6650000,6652500,6655000,6657500,6660000,6662500,6665000,6667500,6670000,6672500,6675000,6677500,6680000,6682500,6685000,6687500,6690000,6692500,6695000,6697500,6700000,6702500,6705000,6707500,6710000,6712500,6715000,6717500,6720000,6722500,6725000,6727500,6730000,6732500,6735000,6737500,6740000,6742500,6745000,6747500,6750000,6752500,6755000,6757500,6760000,6762500,6765000,6767500,6770000,6772500,6775000,6777500,6780000,6782500,6785000,6787500,6790000,6792500,6795000,6797500,6800000,6802500,6805000,6807500,6810000,6812500,6815000,6817500,6820000,6822500,6825000,6827500,6830000,6832500,6835000,6837500,6840000,6842500,6845000,6847500,6850000,6852500,6855000,6857500,6860000,6862500,6865000,6867500,6870000,6872500,6875000,6877500,6880000,6882500,6885000,6887500,6890000,6892500,6895000,6897500,6900000,6902500,6905000,6907500,6910000,6912500,6915000,6917500,6920000,6922500,6925000,6927500,6930000,6932500,6935000,6937500,6940000,6942500,6945000,6947500,6950000,6952500,6955000,6957500,6960000,6962500,6965000,6967500,6970000,6972500,6975000,6977500,6980000,6982500,6985000,6987500,6990000,6992500,6995000,6997500,7000000,7002500,7005000,7007500,7010000,7012500,7015000,7017500,7020000,7022500,7025000,7027500,7030000,7032500,7035000,7037500,7040000,7042500,7045000,7047500,7050000,7052500,7055000,7057500,7060000,7062500,7065000,7067500,7070000,7072500,7075000,7077500,7080000,7082500,7085000,7087500,7090000,7092500,7095000,7097500,7100000,7102500,7105000,7107500,7110000,7112500,7115000,7117500,7120000,7122500,7125000,7127500,7130000,7132500,7135000,7137500,7140000,7142500,7145000,7147500,7150000,7152500,7155000,7157500,7160000,7162500,7165000,7167500,7170000,7172500,7175000,7177500,7180000,7182500,7185000,7187500,7190000,7192500,7195000,7197500,7200000,7202500,7205000,7207500,7210000,7212500,7215000,7217500,7220000,7222500,7225000,7227500,7230000,7232500,7235000,7237500,7240000,7242500,7245000,7247500,7250000,7252500,7255000,7257500,7260000,7262500,7265000,7267500,7270000,7272500,7275000,7277500,7280000,7282500,7285000,7287500,7290000,7292500,7295000,7297500,7300000,7302500,7305000,7307500,7310000,7312500,7315000,7317500,7320000,7322500,7325000,7327500,7330000,7332500,7335000,7337500,7340000,7342500,7345000,7347500,7350000,7352500,7355000,7357500,7360000,7362500,7365000,7367500,7370000,7372500,7375000,7377500,7380000,7382500,7385000,7387500,7390000,7392500,7395000,7397500,7400000,7402500,7405000,7407500,7410000,7412500,7415000,7417500,7420000,7422500,7425000,7427500,7430000,7432500,7435000,7437500,7440000,7442500,7445000,7447500,7450000,7452500,7455000,7457500,7460000,7462500,7465000,7467500,7470000,7472500,7475000,7477500,7480000,7482500,7485000,7487500,7490000,7492500,7495000,7497500,7500000
